,Ram,Processor_family_rank,Weight,CPU_frequency,Model_number,Pixels,Memory_int,TypeName_Notebook,Company_Razer,Memory_HDD,Inches
242,8,4,2.69,2.7,7500,2073600,1128,1,0,0,17.3
760,8,4,2.5,2.8,7700,2073600,1128,0,0,0,15.6
1138,16,4,3.78,2.7,6820,2073600,1256,0,0,0,17.3
940,8,2,2.75,2.3,6300,2073600,1128,0,0,0,17.3
1291,4,0,2.4,1.6,3060,1049088,500,1,0,1,15.6
754,4,4,2.37,2.7,7500,1049088,256,1,0,0,15.6
374,8,4,1.62,1.8,8550,2073600,256,0,0,0,13.3
678,8,4,1.09,1.8,8550,2073600,512,0,0,0,15.6
233,8,2,1.6,2.5,7200,2073600,256,1,0,0,14.0
581,8,2,1.9,2.6,7300,1049088,500,1,0,1,15.6
497,8,4,1.48,2.8,7600,2073600,1000,1,0,0,14.0
810,12,4,3.74,2.8,7700,2073600,1000,0,0,1,17.3
326,6,2,2.23,2.5,7200,1049088,1000,1,0,1,15.6
790,8,4,2.24,2.8,7700,2073600,1128,0,0,0,15.6
751,8,2,1.84,2.4,6300,2073600,256,1,0,0,15.6
311,16,4,1.21,1.8,8550,8294400,1000,0,0,0,13.3
75,8,4,2.2,2.8,7700,2073600,1000,0,0,1,15.6
459,8,1,2.5,2.0,6006,1440000,256,1,0,0,17.3
57,4,2,2.0,2.5,7200,1049088,256,1,0,0,15.6
890,4,2,1.95,2.5,7200,2073600,128,1,0,0,14.0
958,8,4,1.3,2.5,6500,5760000,256,0,0,0,13.3
297,16,4,3.42,2.9,7820,2073600,256,0,0,0,17.3
1292,2,0,2.2,1.6,3050,1049088,500,1,0,1,15.6
853,8,4,1.96,2.8,7700,2073600,256,0,0,0,14.0
636,8,2,1.23,1.6,8250,5760000,256,0,0,0,13.3
864,16,4,1.29,2.5,7660,5760000,512,0,0,0,13.3
814,8,2,2.18,2.5,7200,2073600,256,1,0,0,15.6
413,8,4,1.6,2.5,6500,2073600,256,0,0,0,13.3
267,4,2,2.2,2.5,7200,2073600,1000,1,0,1,15.6
307,8,4,2.2,2.5,6500,2073600,256,1,0,0,15.6
1101,4,1,1.5,2.3,6100,1049088,128,0,0,0,12.5
340,4,0,2.2,1.6,3060,1049088,500,1,0,1,15.6
1207,4,0,2.2,2.2,9000,1049088,500,1,0,1,15.6
1065,8,4,1.29,2.7,7500,2073600,256,0,0,0,13.3
856,4,0,2.0,1.1,4200,1049088,1000,1,0,1,15.6
687,4,1,2.2,2.0,6006,1049088,1000,1,0,1,15.6
724,8,4,2.7,2.8,7700,2073600,1128,0,0,0,17.3
686,4,2,1.86,2.5,7200,1049088,500,1,0,1,15.6
895,8,2,1.05,2.5,7200,2073600,256,1,0,0,13.3
295,8,4,3.2,2.8,7700,2073600,1000,0,0,1,15.6
1153,8,4,2.62,2.8,7700,2073600,1000,0,0,1,15.6
610,32,6,2.5,3.1,1535,8294400,1000,1,0,0,15.6
1284,4,4,1.8,2.5,6500,2073600,128,0,0,0,14.0
616,4,2,2.18,2.5,7200,2073600,128,1,0,0,15.6
868,8,2,1.56,2.5,7200,2073600,256,1,0,0,14.0
858,8,2,1.62,2.3,6200,2073600,1000,1,0,1,13.3
1252,6,1,2.4,2.3,6100,2073600,128,1,0,0,15.6
1199,16,4,2.43,2.8,7700,2073600,1256,0,0,0,17.3
398,8,4,1.78,2.8,7700,8294400,256,0,0,0,15.6
195,8,2,2.5,1.6,8250,2073600,1000,1,0,1,17.3
153,16,4,2.8,2.8,7700,2073600,1256,0,0,0,17.3
967,4,1,2.04,2.4,7100,2073600,500,1,0,1,15.6
152,4,2,1.9,2.5,7200,1049088,128,1,0,0,15.6
1180,8,2,1.36,2.3,6200,3686400,256,0,0,0,14.0
457,4,3,1.252,2.2,7300,3393024,128,0,0,0,13.5
415,4,2,2.3,2.5,7200,2073600,256,1,0,0,15.6
630,16,4,1.1,2.7,7500,2073600,512,0,0,0,14.0
357,8,2,2.65,2.5,7300,2073600,1000,0,0,1,15.6
276,8,4,2.8,1.8,8550,2073600,1128,1,0,0,17.3
147,4,0,2.0,1.1,3350,2073600,1000,1,0,1,15.6
842,8,2,2.63,2.5,7200,1440000,1000,1,0,1,17.3
779,8,1,2.0,1.1,4200,2073600,128,1,0,0,15.6
613,4,1,2.25,2.0,6006,1049088,1000,1,0,1,15.6
530,16,4,4.42,2.8,7700,2073600,1128,0,0,0,17.3
428,12,4,3.35,2.8,7700,2073600,1256,0,0,0,17.3
69,12,4,3.0,2.8,7700,2073600,1000,0,0,1,17.3
440,8,0,2.8,2.5,9220,1440000,1000,1,0,1,17.3
204,16,6,2.8,3.0,1505,8294400,1256,0,0,0,15.6
343,16,4,1.4,1.8,8550,8294400,512,0,0,0,13.9
797,8,2,1.95,2.5,7200,1049088,128,1,0,0,15.6
999,8,4,1.48,2.7,7500,2073600,512,0,0,0,14.0
805,8,2,1.26,2.6,7300,1049088,256,0,0,0,12.5
1229,8,4,2.2,2.8,7700,2073600,1128,0,0,0,15.6
909,8,4,0.98,2.7,7500,2073600,512,0,0,0,14.0
1293,8,4,2.6,2.6,6700,2073600,1000,1,0,1,15.6
1071,4,2,2.31,2.3,6200,1049088,500,1,0,1,15.6
536,8,2,2.2,1.6,8250,2073600,256,1,0,0,15.6
1038,8,2,2.09,2.4,6300,2073600,256,1,0,0,15.6
1238,8,4,2.3,2.6,6700,2073600,1128,0,0,0,15.6
423,8,1,2.3,2.4,7100,2073600,1000,1,0,1,15.6
40,4,1,2.0,2.0,6006,2073600,1000,1,0,1,15.6
427,8,4,1.6,2.8,7600,2073600,256,0,0,0,14.0
82,8,2,1.63,1.6,8250,2073600,256,1,0,0,14.0
705,8,2,2.18,2.5,7200,2073600,256,1,0,0,15.6
817,4,0,1.23,1.6,3060,1049088,16,0,0,0,11.6
312,16,4,2.8,2.8,7700,2073600,1256,0,0,0,15.6
38,4,2,1.86,2.5,7200,1049088,1000,1,0,1,15.6
901,32,4,3.58,2.7,6820,2073600,512,0,0,0,17.3
487,16,4,2.06,2.8,7700,2073600,512,1,0,0,15.6
1198,4,0,2.1,2.0,3350,1049088,1000,1,0,1,15.6
250,8,4,2.08,1.8,8550,2073600,1000,0,0,1,15.6
375,4,1,1.91,3.0,9420,2073600,256,1,0,0,15.6
456,8,4,4.42,2.7,7700,2073600,1000,1,0,1,17.3
480,8,4,2.16,1.8,8550,2073600,512,1,0,0,15.6
640,8,4,2.5,2.8,7700,2073600,1128,0,0,0,15.6
1147,8,4,2.18,2.7,7500,2073600,256,1,0,0,15.6
410,8,4,2.67,2.8,7700,2073600,512,0,0,0,15.6
744,16,4,2.5,2.8,7600,8294400,1000,0,0,0,15.6
701,4,1,2.2,2.9,9420,2073600,256,1,0,0,15.6
1005,4,2,1.48,2.4,6300,1049088,256,1,0,0,14.0
609,4,0,1.6,1.6,3710,1049088,128,1,0,0,14.0
547,4,2,2.15,2.3,6200,2073600,1000,1,0,1,15.6
1272,2,0,1.5,1.6,3050,1049088,64,1,0,0,14.0
1154,8,2,2.04,2.3,6300,8294400,256,1,0,0,15.6
602,4,0,1.6,1.1,3450,2073600,32,1,0,0,14.0
998,16,4,2.5,2.8,7700,2073600,1256,0,0,0,15.6
1027,4,2,1.95,2.5,7200,1049088,500,1,0,1,14.0
424,16,4,4.42,2.9,7820,3686400,1256,0,0,0,17.3
902,16,4,1.22,1.3,7750,2073600,256,0,0,0,13.3
1192,4,2,1.86,2.5,7200,1049088,500,1,0,1,15.6
210,8,4,2.4,2.8,7700,2073600,1000,1,0,1,15.6
63,8,2,1.4,1.6,8250,2073600,256,1,0,0,14.0
218,8,2,1.6,1.6,8250,2073600,256,0,0,0,14.0
110,16,4,1.5,1.8,8550,2073600,1256,0,0,0,15.6
150,16,4,2.56,2.8,7700,2073600,512,0,0,0,15.6
88,16,4,2.2,2.8,7700,2073600,1128,0,0,0,15.6
134,8,4,2.05,2.7,7500,1049088,1000,1,0,1,15.6
1124,4,1,2.0,2.4,7100,1049088,1000,1,0,1,15.6
941,4,0,2.8,1.6,3710,1440000,1000,1,0,1,17.3
16,8,4,2.2,2.7,7500,2073600,256,1,0,0,15.6
750,4,0,1.4,1.6,3060,1049088,128,0,0,0,11.6
1301,6,4,2.19,2.5,6500,1049088,1000,1,0,1,15.6
18,8,1,2.2,2.4,7100,2073600,1000,1,0,1,15.6
17,16,4,1.83,2.9,7200,5184000,512,0,0,0,15.4
1239,16,4,1.4,2.7,7500,2073600,512,1,0,0,13.3
812,8,2,0.81,2.5,7200,2073600,256,0,0,0,13.3
632,4,2,1.8,1.6,8250,2073600,256,1,0,0,15.6
34,8,4,1.35,1.6,7200,1296000,256,0,0,0,13.3
350,16,4,2.06,2.8,7700,8294400,512,1,0,0,15.6
409,2,0,1.15,1.1,3350,1049088,32,1,0,0,11.6
1034,8,4,1.84,2.5,6500,2073600,256,1,0,0,15.6
876,4,0,2.0,1.1,4200,1049088,1000,1,0,1,15.6
281,4,1,2.25,2.0,6006,2073600,1000,1,0,1,15.6
1026,4,2,2.31,2.5,7200,1049088,500,1,0,1,14.0
1032,8,4,2.7,2.8,7700,2073600,1128,0,0,0,17.3
472,8,2,1.1,1.2,7570,3840000,128,0,0,0,12.3
278,4,1,2.8,2.0,6006,1440000,1000,1,0,1,17.3
1016,4,1,2.04,2.4,7100,1049088,256,1,0,0,15.6
845,4,4,2.18,2.7,7500,2073600,256,1,0,0,15.6
1269,4,4,2.2,2.5,6500,1049088,500,1,0,1,15.6
145,8,4,1.25,1.8,8550,2073600,256,0,0,0,14.0
778,16,4,1.95,2.8,7700,2073600,512,0,1,0,14.0
108,16,4,2.2,2.8,7700,2073600,1256,0,0,0,15.6
474,12,4,2.06,2.6,6700,8294400,1128,1,0,0,15.6
133,4,1,2.2,2.7,7130,2073600,256,1,0,0,15.6
1163,8,1,2.2,2.0,6006,1049088,1000,1,0,1,15.6
1178,16,4,1.91,2.6,6700,2073600,1128,0,0,0,15.6
821,4,2,1.25,2.5,7200,1049088,128,0,0,0,14.0
506,8,4,2.0,2.7,7500,2073600,1256,1,0,0,15.6
561,4,1,2.05,2.7,7130,2073600,128,1,0,0,15.6
694,8,2,1.5,2.5,7200,2073600,256,1,0,0,13.3
275,12,4,2.3,2.7,7500,1049088,1000,1,0,1,15.6
258,16,4,4.14,2.8,7700,2073600,1512,0,0,0,17.3
822,8,4,1.13,2.7,7500,2073600,512,0,0,0,14.0
614,4,2,1.93,2.6,7300,1049088,500,1,0,1,15.6
894,16,4,2.43,2.6,6700,8294400,2512,0,0,0,17.3
802,8,2,1.29,2.5,7200,2073600,256,0,0,0,13.3
1008,8,2,1.64,2.5,7200,2073600,256,1,0,0,14.0
304,8,4,2.5,2.8,7700,2073600,1128,0,0,0,15.6
1085,4,2,1.54,2.3,6200,2073600,500,1,0,1,14.0
1227,4,2,2.18,2.5,7200,1049088,1000,1,0,1,15.6
149,4,1,2.1,2.0,6006,1049088,1000,1,0,1,15.6
534,8,2,2.3,2.5,7300,2073600,1128,0,0,0,15.6
144,4,0,1.86,2.5,9220,1049088,256,1,0,0,15.6
1219,8,4,1.2,1.3,7750,2073600,256,0,0,0,14.0
841,32,4,4.42,2.8,7700,2073600,1512,0,0,0,17.3
124,4,1,2.1,3.0,9420,1049088,256,1,0,0,15.6
1174,8,4,2.2,2.7,7500,2073600,1000,1,0,1,15.6
528,4,2,2.3,2.5,7200,2073600,500,1,0,1,15.6
211,16,4,2.9,2.8,7700,2073600,1256,0,0,0,17.3
674,4,1,1.63,2.4,7100,2073600,128,0,0,0,14.0
1222,6,1,2.1,2.7,9720,2073600,1000,1,0,1,15.6
168,8,2,3.0,1.6,8250,2073600,256,1,0,0,17.3
929,4,2,1.95,2.3,6200,1049088,500,1,0,1,14.0
811,16,4,2.9,2.8,7700,2073600,1512,0,0,0,17.3
1011,4,2,1.26,2.5,7200,2073600,500,0,0,1,12.5
646,8,2,1.8,2.5,7200,2073600,256,0,0,0,14.0
1089,4,1,2.4,2.2,7410,1049088,500,1,0,1,15.6
903,8,4,1.13,2.7,7500,2073600,256,0,0,0,14.0
934,4,2,1.47,2.3,6200,2073600,128,1,0,0,14.0
1195,12,4,2.21,2.8,7700,2073600,1128,1,0,0,15.6
595,8,1,2.29,2.3,6100,1049088,1000,1,0,1,15.6
192,8,2,1.3,2.5,7200,2073600,256,0,0,0,13.3
325,4,0,1.44,1.1,3350,1049088,32,1,0,0,14.0
33,16,4,1.2,1.8,8550,5760000,512,0,0,0,13.3
819,4,2,1.76,2.3,6200,1049088,500,1,0,1,14.0
224,16,4,4.42,2.8,7700,2073600,1256,0,0,0,17.3
666,8,2,2.06,2.5,7200,2073600,1000,1,0,1,15.6
622,4,2,2.2,1.6,8250,2073600,1000,1,0,1,15.6
639,16,4,2.06,2.8,7700,8294400,1000,1,0,0,15.6
1277,4,0,2.4,1.6,3060,1049088,500,1,0,1,15.6
417,8,4,1.43,2.5,6500,2073600,256,0,0,0,14.0
768,8,4,1.31,2.7,7500,2073600,256,0,0,0,13.3
1228,16,4,2.6,2.6,6700,2073600,1128,0,0,0,15.6
761,16,4,1.18,2.8,7600,2073600,256,0,0,0,12.5
1009,4,1,1.64,2.4,7100,1049088,500,1,0,1,14.0
1109,16,4,2.59,2.6,6700,2073600,1128,0,0,0,15.6
948,4,1,2.36,2.0,6006,1440000,1000,1,0,1,17.3
570,8,2,3.14,2.8,7440,1440000,500,0,0,1,17.3
495,8,2,1.3,2.3,6200,1049088,180,0,0,0,12.5
769,4,0,2.1,1.1,4200,1049088,1000,1,0,1,15.6
933,16,4,1.3,2.2,6560,5760000,1000,0,0,0,13.3
19,8,2,1.22,1.6,8250,2073600,128,0,0,0,13.3
783,8,0,2.2,1.6,3710,1049088,1000,1,0,1,15.6
830,32,4,3.49,2.9,7820,8294400,512,0,1,0,17.3
572,6,1,1.95,3.0,9420,2073600,256,1,0,0,15.6
503,4,0,2.1,1.1,3350,1049088,500,1,0,1,14.0
566,4,2,1.93,2.6,7300,1049088,500,1,0,1,15.6
1044,4,2,1.54,2.3,6200,2073600,500,1,0,1,14.0
920,4,2,2.18,2.5,7200,1049088,1000,1,0,1,15.6
77,8,4,2.02,1.8,8550,2073600,1128,1,0,0,15.6
972,32,4,4.42,2.6,6700,2073600,1256,0,0,0,17.3
1095,8,2,2.4,2.5,7200,2073600,1256,1,0,0,15.6
980,12,4,2.19,2.7,7500,2073600,512,0,0,0,15.6
1035,8,4,1.26,2.5,6500,2073600,256,0,0,0,12.5
971,8,4,1.5,2.6,6600,3686400,256,0,0,0,14.0
222,8,4,1.2,2.5,6500,2073600,256,0,0,0,13.3
314,2,0,1.1,1.1,3350,1049088,32,0,0,0,11.6
917,16,4,2.7,2.8,7700,2073600,1256,0,0,0,17.3
72,8,4,2.2,1.8,8550,2073600,256,1,0,0,15.6
333,4,1,1.85,2.0,6006,2073600,1000,1,0,1,15.6
35,4,0,1.44,1.1,3350,1049088,64,1,0,0,14.0
870,4,2,2.38,2.5,7200,1049088,500,1,0,1,15.6
122,8,2,2.2,2.5,7200,2073600,256,1,0,0,15.6
511,4,4,2.2,2.7,7500,2073600,500,1,0,1,15.6
217,8,4,1.63,1.8,8550,2073600,256,1,0,0,14.0
14,8,3,0.92,1.2,7200,3317760,256,0,0,0,12.0
796,4,0,1.63,1.1,3350,1049088,32,1,0,0,14.0
576,16,4,1.24,2.7,7500,2073600,512,0,0,0,14.0
425,8,4,2.62,2.8,7700,2073600,1128,0,0,0,15.6
926,8,4,1.36,2.7,7500,2073600,256,0,0,0,12.5
254,4,1,3.0,2.7,7130,2073600,256,1,0,0,17.3
712,8,2,1.98,2.5,7200,2073600,1000,1,0,1,15.6
382,8,4,2.3,2.8,7700,2073600,1128,0,0,0,15.6
1257,4,1,2.29,2.0,6006,1049088,500,1,0,1,15.6
41,16,4,2.65,2.8,7700,2073600,1256,0,0,0,15.6
1083,16,4,1.3,2.7,7500,8294400,512,0,0,0,13.3
1,8,4,1.34,1.8,7200,1296000,128,0,0,0,13.3
300,4,1,1.3,2.4,7100,1049088,128,1,0,0,14.0
266,8,4,1.1,1.8,8550,2073600,1024,0,0,0,13.3
282,8,2,2.5,2.5,7300,2073600,256,0,0,0,15.6
54,4,1,2.4,2.4,7100,1049088,1000,1,0,1,15.6
1145,8,4,2.0,2.6,6700,2073600,256,0,0,0,15.6
469,12,4,1.4,2.6,6600,3686400,256,0,0,0,14.0
1075,8,2,3.0,2.3,6200,1440000,1000,1,0,1,17.3
1270,4,4,1.8,2.5,6500,2073600,128,0,0,0,14.0
30,4,0,1.89,1.44,8300,2073600,64,1,0,0,15.6
945,16,2,2.5,2.1,8800,2073600,1512,0,0,0,15.6
125,4,0,1.86,1.6,3060,1049088,500,1,0,1,15.6
1121,8,2,1.16,2.3,6200,2073600,256,1,0,0,13.3
820,4,1,2.1,2.0,6006,1049088,500,1,0,1,15.6
155,6,2,1.91,1.6,8250,2073600,256,1,0,0,15.6
557,6,4,2.8,2.7,7500,1440000,1128,1,0,0,17.3
795,8,2,1.42,2.5,7200,3686400,256,0,0,0,14.0
1242,4,1,2.4,2.0,6006,1049088,500,1,0,1,15.6
540,8,4,1.2,1.8,8550,5760000,256,0,0,0,13.3
736,16,4,2.6,2.8,7700,2073600,256,0,0,0,15.6
5,4,1,2.1,3.0,9420,1049088,500,1,0,1,15.6
703,4,2,2.1,2.5,7200,2073600,2000,1,0,0,15.6
1300,2,0,1.5,1.6,3050,1049088,64,1,0,0,14.0
950,8,4,2.0,2.7,6820,2073600,8,0,0,0,15.6
1215,2,0,1.3,1.5,3205,1049088,32,0,0,0,11.6
823,8,2,2.4,2.5,7300,2073600,256,0,0,0,15.6
296,8,4,2.5,2.8,7700,2073600,256,1,0,0,15.6
498,8,1,1.4,2.4,7100,2073600,256,1,0,0,13.3
56,4,1,1.91,2.0,6006,2073600,128,1,0,0,15.6
888,4,0,1.25,1.6,3060,1049088,32,0,0,0,11.6
87,8,2,1.96,2.5,7200,2073600,256,1,0,0,15.6
644,4,1,2.4,2.0,6006,1049088,500,1,0,1,15.6
906,8,4,1.26,2.7,7500,2073600,512,0,0,0,12.5
185,16,4,2.77,1.8,8550,2073600,512,1,0,0,17.3
231,4,0,2.1,1.5,9000,1049088,500,1,0,1,15.6
680,8,2,2.2,2.5,7300,2073600,256,0,0,0,15.6
698,16,4,1.36,2.5,6500,2073600,512,0,0,0,13.3
1022,8,2,1.11,2.5,7200,2073600,256,1,0,0,13.3
49,4,0,2.8,1.1,4200,1049088,1000,1,0,1,17.3
900,8,4,1.24,1.3,7750,5760000,512,0,0,0,13.3
904,8,2,1.95,2.5,7200,2073600,512,1,0,0,15.6
443,4,0,2.2,1.1,4200,2073600,128,1,0,0,15.6
329,32,4,2.06,2.8,7700,8294400,1000,1,0,0,15.6
1220,8,4,2.3,2.6,6600,2073600,256,1,0,0,15.6
407,8,4,1.36,2.8,7600,2073600,512,0,0,0,14.0
1162,8,4,2.62,2.8,7700,2073600,1000,0,0,1,15.6
1245,16,4,2.5,2.8,7700,2073600,1256,0,0,0,15.6
763,8,2,1.2,2.5,7200,5760000,256,0,0,0,13.3
979,16,4,2.99,2.8,7700,2073600,1256,0,0,0,17.3
1173,4,2,2.1,2.3,6200,1049088,500,1,0,1,15.6
1167,4,1,2.2,2.0,6006,2073600,1000,1,0,1,15.6
1063,16,4,2.32,2.7,7500,2073600,2000,1,0,1,15.6
981,4,2,1.2,2.3,6200,2073600,128,1,0,0,13.3
373,4,1,2.6,2.2,7410,1440000,128,1,0,0,17.3
255,8,2,1.41,1.6,8250,2073600,256,0,0,0,13.3
348,4,0,1.5,1.1,3350,1049088,32,0,0,0,11.6
52,4,0,1.86,2.5,9220,2073600,256,1,0,0,15.6
872,8,4,2.0,2.7,7500,2073600,256,1,0,0,15.6
1256,16,4,4.0,2.6,6700,2073600,1128,0,0,0,17.3
758,16,4,4.42,2.8,7700,8294400,1256,0,0,0,15.6
1295,8,4,2.3,2.7,7500,1049088,1000,1,0,1,15.6
11,4,1,1.86,2.0,6006,2073600,500,1,0,1,15.6
1135,16,4,2.5,2.5,6500,2073600,1000,1,0,0,15.6
505,8,2,1.44,2.5,7200,2073600,256,1,0,0,13.3
538,12,4,2.62,2.8,7700,2073600,1000,0,0,1,17.3
651,8,2,2.4,2.5,7300,2073600,1000,0,0,1,15.6
989,8,2,1.6,2.5,7200,2073600,128,1,0,0,14.0
1108,4,0,2.1,2.5,9220,2073600,1000,1,0,1,15.6
251,16,4,4.3,2.8,7700,2073600,1256,0,0,0,17.3
1117,8,4,1.25,2.5,6500,8294400,256,0,1,0,12.5
1260,4,2,1.8,2.3,6200,2073600,128,0,0,0,14.0
1122,8,2,1.43,2.3,6200,2073600,256,1,0,0,14.0
1105,8,2,1.5,2.3,6200,1049088,256,0,0,0,12.5
659,32,4,4.42,2.8,7700,8294400,1512,0,0,0,17.3
943,8,2,2.2,2.3,6200,1049088,256,1,0,0,15.6
661,4,0,2.2,1.1,3350,1049088,500,1,0,1,15.6
1004,4,2,1.2,2.3,6200,2073600,128,1,0,0,13.3
1128,8,2,2.4,2.5,7300,2073600,1128,0,0,0,15.6
742,8,2,1.25,2.5,7200,2073600,256,1,0,0,14.0
494,24,4,4.33,2.6,6700,2073600,1256,0,0,0,17.3
719,8,4,2.63,2.7,7500,2073600,256,1,0,0,17.3
947,8,4,2.2,2.7,7500,2073600,1000,1,0,1,15.6
826,8,2,1.1,2.5,7200,2073600,256,0,0,0,13.3
1240,6,1,2.2,3.6,9720,2073600,256,1,0,0,15.6
392,12,2,2.2,1.6,8250,1049088,1000,1,0,1,15.6
1235,4,1,2.1,2.0,6006,2073600,1000,1,0,1,15.6
462,8,2,2.37,2.5,7200,2073600,1000,1,0,1,15.6
735,4,4,1.85,2.7,7500,2073600,1000,1,0,1,15.6
447,8,6,2.23,3.0,1505,2073600,1064,0,0,0,15.6
500,4,0,1.2,1.1,3350,1049088,64,0,0,0,11.6
1152,8,2,2.32,2.3,6200,2073600,1000,1,0,1,15.6
772,4,2,1.75,2.3,6200,1049088,128,1,0,0,14.0
1189,16,4,4.2,2.8,7700,2073600,1256,0,0,0,17.3
12,16,4,1.83,2.8,7200,5184000,256,0,0,0,15.4
228,8,2,2.69,2.5,7200,2073600,756,1,0,0,17.3
782,16,4,1.47,2.6,6600,2073600,512,0,0,0,14.0
121,16,4,1.8,2.8,7700,2073600,2256,0,0,0,15.6
142,8,4,2.4,2.8,7700,2073600,256,0,0,0,15.6
446,4,2,2.4,2.5,7200,1049088,500,1,0,1,15.6
176,4,1,2.1,2.0,6006,1049088,128,1,0,0,15.6
700,8,2,2.56,2.5,7300,2073600,1000,0,0,1,15.6
684,8,4,1.19,1.8,8550,2073600,512,0,0,0,13.3
1182,8,4,1.98,2.7,7500,2073600,256,1,0,0,15.6
499,8,2,2.3,2.5,7200,2073600,256,1,0,0,15.6
545,4,1,2.1,2.4,7100,2073600,128,1,0,0,15.6
193,8,2,2.8,1.6,8250,1440000,256,1,0,0,17.3
175,8,1,2.3,2.4,7100,1049088,1000,1,0,1,15.6
42,8,2,2.3,2.5,7200,1049088,1000,1,0,1,15.6
171,6,2,2.71,2.5,7200,2073600,2000,1,0,1,17.3
455,4,0,1.47,1.6,3710,1049088,500,0,0,1,11.6
1028,8,2,1.29,2.5,7200,5760000,256,0,0,0,13.3
553,8,1,2.65,2.0,6006,1440000,1000,1,0,1,17.3
775,12,4,2.3,2.7,7500,2073600,2000,0,0,1,15.6
257,16,4,2.9,1.8,8550,2073600,1000,1,0,1,17.3
288,16,4,2.5,2.8,7700,2073600,1256,0,0,0,15.6
791,4,0,1.22,1.1,3350,2073600,32,1,0,0,14.0
135,8,4,1.63,1.8,8550,2073600,256,1,0,0,14.0
522,8,2,1.64,2.6,7300,2073600,256,1,0,0,14.0
1258,8,4,2.32,2.5,6500,2073600,1000,1,0,0,15.6
558,6,1,1.91,2.5,9620,2073600,128,1,0,0,15.6
434,16,4,2.5,2.9,7820,2073600,512,1,0,0,15.6
347,16,4,1.88,1.9,8650,2073600,768,0,0,0,15.6
987,8,4,2.5,2.8,7700,2073600,1128,0,0,0,15.6
656,8,4,2.2,1.8,8550,2073600,256,1,0,0,15.6
564,8,2,2.5,2.5,7300,2073600,1128,1,0,0,15.6
302,6,2,2.8,2.5,7200,1440000,1000,1,0,1,17.3
86,8,4,1.83,1.8,8550,2073600,256,0,0,0,15.6
1079,4,2,2.31,2.3,6200,2073600,500,1,0,1,15.6
303,8,2,2.2,2.5,7200,1049088,2000,1,0,1,15.6
213,8,2,2.2,2.5,7200,2073600,256,1,0,0,15.6
696,16,4,1.38,2.7,7500,2073600,512,0,0,0,14.0
1280,6,1,2.04,2.9,9410,2073600,1000,1,0,0,15.6
589,8,2,2.73,2.5,7300,2073600,1128,0,0,0,17.3
60,16,4,2.8,1.8,8550,2073600,2256,1,0,0,17.3
974,16,4,2.73,2.8,7700,2073600,1256,0,0,0,17.3
746,16,4,0.81,2.7,7500,2073600,256,0,0,0,13.3
683,4,1,2.5,2.0,6006,2073600,256,1,0,0,17.3
1233,16,4,2.7,2.8,7700,2073600,1256,0,0,0,17.3
117,8,4,2.16,1.8,8550,2073600,1256,1,0,0,15.6
730,16,4,4.2,2.6,6700,2073600,1128,0,0,0,17.3
492,8,4,1.99,2.8,7700,2073600,1128,0,0,0,15.6
756,8,2,2.2,2.5,7300,2073600,1128,1,0,0,15.6
200,16,4,2.65,2.8,7700,8294400,1512,0,0,0,15.6
28,8,4,1.88,1.9,8650,2073600,512,0,0,0,15.6
359,8,2,1.36,2.6,7300,2073600,256,1,0,0,14.0
1142,8,2,1.48,2.4,6300,2073600,256,0,0,0,13.3
452,8,4,2.31,2.9,7820,2073600,512,0,0,0,15.6
833,8,2,1.7,2.3,6200,2073600,256,1,0,0,14.0
90,8,2,2.45,3.0,9830,2073600,1000,0,0,1,15.6
113,4,2,1.63,1.6,8250,1049088,500,1,0,1,14.0
560,4,0,1.25,2.0,3350,2073600,32,0,0,0,11.6
489,16,4,0.91,2.7,7500,2073600,512,0,0,0,12.5
1254,4,0,2.2,1.6,3700,1049088,500,1,0,1,15.6
1040,4,4,1.8,2.5,6500,2073600,256,0,0,0,15.6
466,4,1,2.2,2.0,6006,1049088,500,1,0,1,15.6
973,8,2,1.95,2.3,6200,2073600,256,1,0,0,14.0
338,4,0,2.0,1.1,3350,1049088,1000,1,0,1,15.6
882,4,0,1.65,1.1,3350,1049088,32,1,0,0,14.1
206,6,1,2.3,2.4,7100,1049088,1000,1,0,1,15.6
1017,16,4,2.4,2.7,6820,8294400,512,1,0,0,17.3
305,4,0,2.2,1.1,4200,1049088,1000,1,0,1,15.6
1289,8,3,1.2,0.9,6300,2073600,512,0,0,0,13.3
1129,8,2,3.35,2.3,6300,2073600,1128,0,0,0,17.3
362,6,2,2.8,2.5,7200,1440000,1128,1,0,0,17.3
390,8,4,3.0,2.8,7700,2073600,1000,0,0,1,17.3
787,4,4,2.4,2.8,7700,2073600,1000,0,0,1,15.6
1039,8,2,1.64,2.5,7200,2073600,256,1,0,0,14.0
1248,8,2,2.3,2.5,7200,2073600,256,1,0,0,15.6
1029,8,2,2.63,2.5,7200,2073600,256,1,0,0,17.3
1023,8,4,1.64,2.7,7500,2073600,256,1,0,0,14.0
922,8,4,1.39,2.7,7500,5760000,256,0,0,0,13.3
1226,8,4,1.29,2.7,7500,5760000,256,0,0,0,13.3
873,4,1,1.44,2.4,7100,2073600,180,1,0,0,13.3
1110,8,3,1.16,1.1,6540,5760000,256,1,0,0,13.3
707,16,4,2.18,2.5,6500,2073600,512,0,0,0,15.6
969,6,2,2.4,2.5,7200,2073600,256,1,0,0,15.6
537,4,0,1.86,1.6,3710,2073600,256,1,0,0,15.6
1194,8,2,1.6,2.5,7200,2073600,256,0,0,0,13.3
673,4,0,2.2,2.2,9000,1049088,128,1,0,0,15.6
962,12,2,2.4,2.5,7200,2073600,1128,1,0,0,15.6
475,8,1,1.79,2.3,6100,1049088,128,1,0,0,14.0
1210,8,4,0.92,1.2,7200,3317760,512,0,0,0,12.0
244,8,4,1.38,2.7,7500,2073600,256,0,0,0,13.9
422,8,4,2.31,2.9,7820,2073600,256,1,0,0,15.6
577,32,4,4.6,2.7,6820,2073600,1256,0,0,0,17.3
39,8,2,2.1,1.6,8250,2073600,256,1,0,0,15.6
1274,4,0,2.2,1.6,3050,1049088,500,1,0,1,15.6
393,8,4,2.7,2.8,7700,2073600,256,0,0,0,17.3
408,4,1,2.2,2.0,6006,2073600,500,1,0,1,15.6
533,4,0,1.2,1.1,3450,2073600,32,1,0,0,13.3
432,4,1,1.7,2.7,7130,2073600,128,1,0,0,14.0
1068,16,4,3.21,2.6,6700,8294400,1256,0,0,0,15.6
785,16,4,1.6,2.8,7700,2073600,1256,0,0,0,14.0
1224,4,1,2.08,2.4,7100,2073600,500,0,0,1,15.0
583,16,4,1.93,2.8,7600,2073600,256,1,0,0,15.6
477,8,2,1.7,2.5,7200,2073600,180,1,0,0,14.0
546,4,2,1.87,2.5,7200,2073600,500,1,0,1,14.0
911,8,3,1.09,1.2,6750,8294400,240,0,0,0,12.5
513,16,4,2.2,1.8,8550,2073600,2256,1,0,0,15.6
189,8,4,2.8,1.8,8550,2073600,1128,1,0,0,17.3
1113,8,4,1.16,2.5,6500,2073600,512,0,0,0,13.3
1297,4,4,2.2,2.5,6500,1049088,500,1,0,1,15.6
1148,8,2,1.88,2.3,6200,2073600,256,1,0,0,15.6
520,8,4,3.2,2.8,7700,2073600,1256,0,0,0,15.6
159,4,1,2.1,2.2,6006,1049088,500,1,0,1,15.6
637,2,0,1.42,1.6,3060,1049088,32,1,0,0,14.0
620,8,2,2.31,2.6,7300,1049088,256,1,0,0,14.0
662,4,2,2.2,2.3,6200,2073600,500,1,0,1,15.6
253,8,4,1.37,1.8,8550,2073600,512,0,0,0,13.9
562,16,3,1.16,1.2,6750,5760000,512,0,0,0,13.3
53,8,4,1.49,1.8,8550,2073600,512,1,0,0,13.3
368,8,4,2.33,2.7,7500,2073600,256,1,0,0,15.6
8,16,4,1.3,1.8,8550,2073600,512,0,0,0,14.0
1172,4,0,2.2,1.6,3050,1049088,500,1,0,1,15.6
430,4,0,1.15,1.6,3060,1049088,16,0,0,0,11.6
345,16,4,2.4,2.8,7700,2073600,2256,0,0,0,15.6
935,8,2,1.26,2.3,6200,2073600,256,0,0,0,12.5
844,8,4,1.54,2.5,6500,2073600,512,0,0,0,14.0
806,4,2,2.1,2.3,6200,1049088,500,1,0,1,15.6
504,4,0,1.25,1.6,3060,1049088,16,0,0,0,11.6
937,8,4,2.2,2.8,7700,2073600,1128,0,0,0,15.6
952,8,2,1.2,2.3,6200,2073600,256,1,0,0,13.3
965,4,1,2.25,2.0,6006,1049088,1000,1,0,1,15.6
559,4,1,2.18,2.0,6006,1049088,1000,1,0,1,15.6
1246,4,2,1.6,2.5,7200,1049088,500,1,0,1,14.0
1165,8,4,2.62,2.8,7700,8294400,1128,0,0,0,15.6
524,8,2,2.8,1.6,8250,2073600,1128,1,0,0,17.3
473,8,2,1.42,1.6,8250,2073600,256,0,0,0,13.3
1000,8,4,2.7,2.8,7700,2073600,1128,0,0,0,15.6
942,4,2,2.23,2.5,7200,1049088,500,1,0,1,15.6
1217,8,2,2.8,2.5,7200,1440000,1000,1,0,1,17.3
1273,6,4,2.19,2.5,6500,1049088,1000,1,0,1,15.6
444,8,4,2.2,2.8,7700,2073600,1128,0,0,0,15.6
404,16,4,2.8,2.8,7700,2073600,1256,0,0,0,17.3
993,8,2,2.3,2.3,6200,2073600,256,1,0,0,15.6
483,4,0,1.89,1.44,8350,2073600,64,1,0,0,15.6
131,4,1,2.2,2.0,6006,2073600,1000,1,0,1,15.6
78,4,1,2.2,2.7,7130,2073600,1000,1,0,1,15.6
346,2,0,1.44,1.6,3060,1049088,32,1,0,0,14.0
203,16,4,3.2,2.8,7700,2073600,1512,0,0,0,15.6
905,16,4,1.08,2.7,7500,2073600,512,0,0,0,15.6
160,4,1,2.03,3.0,9420,1049088,1000,1,0,1,15.6
1212,16,4,2.43,2.6,6700,2073600,1256,0,0,0,17.3
815,8,4,1.32,2.7,7500,2073600,256,0,0,0,14.0
1087,8,2,1.7,2.3,6200,2073600,180,1,0,0,14.0
1164,4,2,2.1,2.3,6200,1049088,500,1,0,1,15.6
770,16,4,2.3,2.7,7500,2073600,256,1,0,0,15.6
645,4,0,1.43,1.6,3060,1049088,32,1,0,0,14.0
953,8,3,1.2,1.2,6750,2073600,64,0,0,0,12.5
1209,16,4,2.2,2.8,7700,2073600,1256,0,0,0,15.6
834,8,2,1.32,2.6,7300,2073600,256,1,0,0,14.0
764,4,1,1.65,2.0,6006,1049088,500,1,0,1,13.3
132,8,4,1.6,1.8,8550,2073600,256,0,0,0,14.0
1134,4,2,2.23,2.5,7200,2073600,1000,1,0,1,15.6
889,4,0,2.8,2.2,7210,1440000,500,1,0,1,17.3
818,16,4,4.36,2.8,7700,2073600,1128,0,0,0,17.3
626,2,0,1.4,1.44,8350,2073600,32,1,0,0,14.0
73,8,2,2.7,2.5,7300,2073600,1128,0,0,0,17.3
385,8,4,1.13,2.7,7500,3686400,512,0,0,0,14.0
463,8,4,1.5,2.7,7500,2073600,512,1,0,0,14.0
919,8,2,2.2,2.5,7300,2073600,1128,0,0,0,15.6
337,8,2,1.84,2.5,7200,2073600,256,1,0,0,15.6
1118,16,4,1.05,2.7,7500,2073600,512,0,0,0,13.3
992,4,0,1.9,1.1,3350,1049088,128,1,0,0,15.6
105,6,2,1.58,2.5,7200,2073600,256,1,0,0,14.0
966,4,2,1.9,2.5,7200,1049088,500,1,0,1,15.6
548,4,1,1.86,2.0,6006,2073600,500,1,0,1,15.6
25,4,1,2.3,2.0,6006,1049088,1000,1,0,1,15.6
612,4,1,2.18,2.0,6006,1049088,1000,1,0,1,15.6
384,16,4,1.1,2.7,7500,2073600,512,0,0,0,13.3
1104,16,4,2.4,2.8,7700,2073600,512,0,0,0,15.6
1179,4,1,2.07,2.3,6100,1049088,500,1,0,1,15.6
1241,8,4,1.45,2.5,6500,2073600,256,0,0,0,13.3
51,8,4,2.2,1.8,8550,2073600,256,1,0,0,15.6
689,4,0,2.1,1.6,3855,1049088,500,1,0,1,15.6
585,16,4,4.5,2.7,6820,2073600,1128,0,0,0,17.3
389,16,4,1.42,2.7,7500,3686400,512,0,0,0,14.0
100,8,4,1.91,2.7,7500,2073600,256,1,0,0,15.6
590,8,2,2.2,2.5,7200,1049088,1000,0,0,1,15.6
313,8,1,2.23,2.2,7410,2073600,256,1,0,0,15.6
22,4,0,1.86,1.5,9000,1049088,500,1,0,1,15.6
376,4,0,1.59,1.1,3450,1049088,128,0,0,0,11.6
321,4,2,2.79,2.5,7200,1440000,1000,1,0,1,17.3
588,12,4,2.2,1.8,8550,1049088,1000,1,0,1,15.6
234,8,2,1.6,2.3,6200,2073600,256,0,0,0,13.3
1253,8,2,1.9,2.3,6200,2073600,256,1,0,0,14.0
298,6,1,2.4,2.4,9600,2073600,1000,1,0,1,15.6
1170,8,4,1.96,2.5,6500,2073600,256,1,0,0,15.6
64,8,2,1.86,2.5,7200,2073600,256,1,0,0,15.6
755,8,2,1.3,1.8,6260,5760000,256,0,0,0,13.3
956,8,2,1.24,1.2,7540,2073600,256,0,0,0,13.3
249,8,4,1.37,3.1,7200,4096000,512,0,0,0,13.3
445,8,2,1.64,2.8,7440,2073600,256,1,0,0,14.0
592,4,3,1.39,1.0,7300,1049088,128,0,0,0,11.6
850,4,0,1.86,1.6,3060,1049088,128,1,0,0,15.6
306,16,4,1.28,2.8,7600,2073600,256,0,0,0,13.3
682,16,2,3.21,2.5,7300,2073600,1128,0,0,0,15.6
543,8,2,2.4,2.5,7300,2073600,1000,0,0,1,15.6
84,4,1,2.1,3.0,9420,1049088,1000,1,0,1,15.6
485,8,2,1.75,1.6,8250,2073600,256,1,0,0,14.0
586,16,4,3.78,2.8,7700,2073600,1256,0,0,0,17.3
1191,4,1,1.15,2.0,7253,3840000,32,0,0,0,12.3
1055,4,1,2.31,2.3,6100,1049088,500,1,0,1,15.6
837,4,1,2.0,2.4,7100,1049088,500,1,0,1,15.6
381,4,1,1.85,2.0,6006,2073600,128,1,0,0,15.6
884,4,0,2.2,1.6,3710,1049088,500,1,0,1,15.6
1185,8,4,2.591,2.6,6700,2073600,1256,0,0,0,15.6
198,16,4,3.35,2.8,7700,2073600,1256,0,0,0,17.3
79,8,2,2.5,1.6,8250,2073600,1128,1,0,0,17.3
728,8,2,2.32,2.5,7200,1049088,1000,1,0,1,15.6
849,8,4,1.54,2.5,6500,2073600,512,0,0,0,14.0
1144,8,4,1.48,2.6,6600,3686400,256,0,0,0,13.3
401,16,4,2.9,2.8,7700,2073600,1256,0,0,0,17.3
897,8,4,2.04,2.7,7500,2073600,1000,1,0,1,15.6
749,16,6,3.0,2.9,1535,2073600,256,0,0,0,17.3
925,4,2,1.95,2.3,6200,1049088,500,1,0,1,15.6
671,8,2,1.9,2.5,7200,2073600,1128,1,0,0,15.6
859,4,1,2.2,2.0,6006,2073600,1000,1,0,1,15.6
352,8,4,2.7,2.8,7700,2073600,1128,0,0,0,17.3
582,4,1,1.49,2.4,7100,2073600,128,1,0,0,13.3
349,8,2,1.9,1.6,8250,2073600,1000,0,0,1,15.6
1019,8,4,1.43,2.5,6500,2073600,256,1,0,0,14.0
252,4,1,1.68,3.0,9420,1049088,1000,1,0,1,15.6
331,8,2,2.0,2.5,7200,2073600,256,1,0,0,15.6
1092,8,4,2.7,2.8,7700,2073600,1256,0,0,0,17.3
829,8,1,1.5,2.4,7100,2073600,128,1,0,0,14.0
862,4,2,1.05,2.5,7200,2073600,128,1,0,0,13.3
324,8,1,2.2,2.7,9720,1049088,256,1,0,0,15.6
1183,4,0,2.1,2.0,3350,1049088,500,1,0,1,15.6
510,8,2,1.29,2.5,7200,2073600,128,0,0,0,13.3
1190,8,2,2.4,2.5,7300,2073600,1000,0,0,1,15.6
170,8,2,1.05,2.5,7200,3110400,256,0,0,0,13.0
120,6,1,2.1,2.4,7100,2073600,1000,1,0,1,15.6
725,4,2,1.9,2.5,7200,1049088,1000,1,0,1,15.6
260,8,4,2.8,1.8,8550,2073600,1128,1,0,0,17.3
1088,4,1,1.29,1.5,4405,5760000,32,1,0,0,13.3
161,4,2,3.0,1.6,8250,2073600,256,1,0,0,17.3
855,8,2,1.9,2.5,7200,2073600,128,1,0,0,15.6
685,16,4,3.49,2.9,7820,2073600,1256,0,0,0,15.6
594,4,1,2.8,2.0,6006,2073600,500,1,0,1,17.3
271,16,5,3.2,3.0,1700,2073600,1256,0,0,0,17.3
526,4,4,2.2,2.7,7500,2073600,1000,1,0,1,15.6
310,8,2,1.1,2.5,7200,2073600,256,1,0,0,13.3
780,32,4,4.42,2.8,7700,2073600,2000,0,0,0,17.3
1279,8,4,2.6,2.6,6700,2073600,1000,1,0,1,15.6
433,16,4,2.3,2.8,7600,8294400,512,0,0,0,15.6
804,4,0,1.63,1.1,4200,1049088,128,0,0,0,11.6
190,16,4,1.42,2.7,7500,3686400,1000,0,0,0,14.0
767,16,4,2.72,2.6,6700,8294400,1128,0,0,0,15.6
89,8,4,1.21,1.8,8550,2073600,256,0,0,0,13.3
339,8,2,2.0,1.6,8250,2073600,256,1,0,0,15.6
1267,8,4,2.3,2.7,7500,1049088,1000,1,0,1,15.6
353,8,4,2.6,2.8,7700,2073600,256,0,0,0,15.6
924,8,2,1.37,2.5,7200,2073600,512,0,0,0,13.3
1193,8,4,0.92,1.1,7200,3317760,256,0,0,0,12.0
809,4,2,2.4,2.5,7200,2073600,1000,1,0,1,15.6
1094,4,2,2.4,2.3,6200,1049088,128,0,0,0,12.5
1125,8,4,1.8,2.5,6500,2073600,256,0,0,0,14.0
621,8,2,1.65,2.3,6200,2073600,256,1,0,0,14.0
1204,8,4,2.2,2.6,6700,2073600,1000,0,0,1,15.6
13,4,1,2.2,2.0,6006,2073600,256,1,0,0,15.6
643,8,4,2.5,2.8,7700,2073600,1000,0,0,1,15.6
569,4,2,2.02,2.5,7200,1049088,500,1,0,1,14.0
740,8,4,2.0,2.7,7500,2073600,1128,1,0,0,15.6
205,16,4,2.4,2.8,7700,2073600,512,0,0,0,15.6
695,4,0,1.4,1.6,3050,1049088,32,0,0,0,11.6
148,16,4,2.9,2.8,7700,2073600,1256,0,0,0,17.3
80,8,2,1.88,1.6,8250,2073600,256,0,0,0,15.6
361,8,2,2.0,2.5,7200,2073600,256,1,0,0,14.0
274,8,4,2.2,2.5,6500,1049088,500,1,0,1,15.6
1073,8,4,1.49,2.7,7500,2073600,256,1,0,0,13.3
184,8,2,1.95,1.6,8250,2073600,256,1,0,0,15.6
208,8,4,1.2,1.8,8550,2073600,256,0,0,0,13.3
808,16,4,2.62,2.8,7700,8294400,512,0,0,0,15.6
949,4,0,1.68,1.6,3060,1049088,32,1,0,0,14.0
1013,8,4,1.54,2.5,6500,2073600,256,0,0,0,14.0
163,16,4,2.5,2.8,7700,2073600,256,0,0,0,15.6
43,4,2,2.2,1.6,8250,2073600,256,1,0,0,15.6
1064,16,4,1.8,2.6,6700,2073600,1256,0,0,0,15.6
174,8,2,2.5,1.6,8250,2073600,256,1,0,0,17.3
718,4,0,1.4,1.92,8350,2304000,32,1,0,1,14.0
320,8,4,1.48,2.7,7500,2073600,256,1,0,0,14.0
794,8,4,0.92,1.2,7200,3317760,512,0,0,0,12.0
846,4,0,1.4,1.1,3350,1049088,32,0,0,0,11.6
109,8,4,1.58,2.7,7500,2073600,256,1,0,0,14.0
831,16,4,1.1,2.6,6600,3686400,512,0,0,0,14.0
418,8,2,2.14,2.5,7200,1049088,1000,1,0,1,15.6
164,4,0,2.1,1.1,3350,1049088,1000,1,0,1,15.6
1050,16,4,1.1,2.6,6600,3686400,256,1,0,0,14.0
706,8,2,1.6,1.6,8250,2073600,256,0,0,0,13.3
847,8,2,1.45,2.3,6200,2073600,512,0,0,0,13.3
990,8,3,0.97,1.2,6750,2073600,512,0,0,0,12.5
264,8,2,2.24,2.5,7200,2073600,1000,1,0,1,15.6
1176,4,4,2.32,2.5,6500,2073600,1000,1,0,0,15.6
216,8,2,2.8,2.5,7200,1440000,1000,1,0,1,17.3
1188,8,2,1.23,2.4,6300,5760000,256,0,0,0,13.3
1061,16,4,4.0,2.6,6700,2073600,1000,0,0,1,17.3
652,8,2,1.2,1.6,8250,2073600,256,0,0,0,13.3
1096,8,2,2.36,2.5,7200,2073600,1000,1,0,1,15.6
1060,8,4,2.04,2.7,7500,2073600,256,1,0,0,15.6
1290,6,1,2.3,2.4,7100,1049088,1000,1,0,1,15.6
983,4,2,2.3,2.3,6200,1049088,256,1,0,0,15.6
801,8,2,2.37,2.5,7200,2073600,256,1,0,0,15.6
319,4,0,1.4,1.6,3710,1049088,128,1,0,0,11.6
1119,8,4,3.52,2.6,6700,2073600,1128,0,0,0,17.3
1057,8,1,2.4,2.2,7410,1049088,1000,1,0,1,15.6
435,8,5,3.2,3.2,1600,2073600,1256,0,0,0,17.3
650,32,4,3.8,2.7,6820,2073600,512,0,0,0,17.3
1282,2,0,1.17,1.6,3060,1049088,32,0,0,0,11.6
1098,4,0,1.96,1.6,3710,1049088,1000,1,0,1,15.6
1112,4,1,2.1,2.0,6006,1049088,128,1,0,0,15.6
670,8,4,1.252,2.8,7600,3393024,256,0,0,0,13.5
734,8,2,1.44,2.5,7200,2073600,256,1,0,0,13.3
470,8,4,1.29,1.8,8550,8294400,512,0,0,0,13.3
1201,8,4,2.2,2.5,6500,1049088,500,1,0,1,15.6
679,16,2,2.5,2.5,7300,2073600,256,0,0,0,15.6
412,4,1,2.1,2.0,6006,2073600,1000,1,0,1,15.6
752,4,2,2.45,2.3,6300,1049088,1000,1,0,1,15.6
1262,6,1,2.3,2.4,7100,1049088,1000,1,0,1,15.6
1150,4,1,1.9,2.0,6006,1049088,1000,1,0,1,15.6
27,8,2,2.2,1.6,8250,2073600,256,1,0,0,15.6
223,8,2,2.1,1.6,8250,2073600,1000,1,0,1,15.6
1120,4,0,1.35,1.44,8350,2073600,32,1,0,0,13.3
875,8,4,1.6,2.8,7600,2073600,256,0,0,0,12.5
1012,4,2,1.48,2.5,7200,2073600,256,1,0,0,14.0
269,8,4,2.05,1.8,8550,2073600,256,1,0,0,15.6
1299,16,4,1.3,2.5,6500,5760000,512,0,0,0,13.3
1287,6,4,2.19,2.5,6500,1049088,1000,1,0,1,15.6
9,8,2,1.6,1.6,8250,2073600,256,0,0,0,14.0
76,8,2,2.2,2.5,7200,2073600,2000,1,0,1,15.6
24,8,4,1.91,1.8,8550,2073600,256,0,0,0,15.6
1137,8,2,2.5,2.5,7200,1049088,1000,1,0,1,15.6
723,32,4,4.36,2.8,7700,8294400,2000,0,0,0,17.3
690,4,0,1.45,1.6,3855,1049088,32,1,0,0,14.0
1133,8,4,1.84,2.7,7500,2073600,256,0,0,0,15.6
1161,16,4,1.7,2.6,6700,2073600,1256,0,0,0,14.0
519,16,4,3.0,2.8,7700,2073600,1256,0,0,0,17.3
765,4,2,1.6,2.3,6200,1049088,128,1,0,0,13.3
1184,6,4,2.18,2.6,6700,2073600,1000,1,0,1,15.6
395,4,1,1.91,3.0,9420,2073600,256,0,0,0,15.6
180,16,4,2.02,1.8,8550,2073600,2256,1,0,0,15.6
918,16,4,2.6,2.8,7700,2073600,1128,0,0,0,15.6
774,4,2,1.26,2.3,6200,1049088,256,0,0,0,12.5
995,8,2,1.4,2.5,7200,5760000,256,1,0,0,13.3
360,4,1,1.86,2.0,6006,1049088,500,1,0,1,15.6
1296,2,0,1.17,1.6,3060,1049088,32,0,0,0,11.6
580,4,0,1.45,1.1,3450,2073600,32,1,0,0,14.0
1031,6,1,2.1,3.0,9420,1049088,1000,1,0,1,15.6
354,16,4,2.4,2.5,6500,2073600,512,1,0,0,15.6
596,8,4,1.37,2.7,7500,2073600,512,0,0,0,13.3
1234,4,4,1.08,1.6,7200,1049088,256,0,0,0,11.6
896,8,4,2.62,2.8,7700,2073600,1000,0,0,1,15.6
23,8,2,1.62,1.6,8250,2073600,256,0,0,0,13.3
451,16,4,2.17,2.7,6820,2073600,256,0,0,0,15.6
633,4,1,2.2,2.0,6006,2073600,1000,1,0,1,15.6
478,8,2,2.2,1.6,8250,2073600,1000,1,0,1,15.6
660,8,2,1.56,2.4,6300,2073600,256,1,0,0,14.0
91,8,4,2.2,1.8,8550,2073600,1000,1,0,1,15.6
793,8,2,2.08,2.5,7200,2073600,256,0,0,0,15.6
106,4,1,1.85,2.0,6006,2073600,1000,1,0,1,15.6
1081,32,4,4.6,2.7,6820,2073600,1512,0,0,0,17.3
912,6,4,2.2,2.7,7500,2073600,256,1,0,0,15.6
563,8,4,3.4,2.8,7700,2073600,256,1,0,0,17.3
664,8,4,2.7,2.8,7700,2073600,1128,0,0,0,17.3
1111,4,2,2.24,2.3,6200,1049088,500,1,0,1,15.6
843,8,2,2.18,2.5,7200,1049088,128,1,0,0,15.6
866,8,2,1.2,2.3,6200,1049088,256,0,0,0,13.3
607,6,2,2.4,2.5,7200,2073600,1000,1,0,1,15.6
1259,8,4,2.4,2.6,6700,2073600,1128,0,0,0,15.6
877,8,2,1.28,2.3,6200,2073600,256,0,0,0,13.3
732,6,1,2.1,3.0,9420,2073600,1128,1,0,0,15.6
59,4,1,2.0,2.0,6006,2073600,256,1,0,0,15.6
516,4,2,2.04,1.6,8250,1049088,1000,1,0,1,15.6
867,8,4,1.37,2.7,7500,2073600,256,0,0,0,13.3
93,8,2,2.65,2.5,7300,2073600,256,0,0,0,15.6
256,8,0,1.91,2.5,9220,1049088,128,1,0,0,15.6
458,8,4,1.25,2.5,7660,3393024,256,0,0,0,13.5
178,8,2,1.9,2.5,7200,2073600,1128,1,0,0,15.6
541,4,1,1.6,2.0,6006,2073600,128,1,0,0,14.0
289,8,4,2.2,2.7,7500,2073600,1000,1,0,1,15.6
954,8,4,1.7,2.6,6600,2073600,256,0,0,0,14.0
1155,4,0,1.91,2.5,9220,2073600,256,1,0,0,15.6
118,4,1,2.0,2.0,6006,2073600,1000,1,0,1,17.3
531,8,2,2.0,2.5,7200,2073600,500,1,0,1,15.6
416,4,1,1.65,2.0,6006,1049088,128,1,0,0,13.3
196,32,4,3.49,2.9,7820,8294400,1000,0,1,0,17.3
386,4,1,1.5,2.4,7100,2073600,128,1,0,0,13.3
290,2,0,2.19,1.5,3205,1049088,16,1,0,0,15.6
936,4,1,2.18,2.0,6006,1049088,1000,1,0,1,15.6
1171,16,4,2.1,1.8,8550,2073600,512,1,0,0,15.6
493,8,1,2.2,2.5,9620,1049088,1000,1,0,1,15.6
838,4,0,1.5,1.6,3160,1049088,16,1,0,0,14.0
1106,8,4,2.9,2.6,6700,2073600,1128,0,0,0,17.3
648,8,2,1.2,2.3,6200,2073600,256,1,0,0,13.3
509,8,4,2.4,2.8,7700,2073600,1256,0,0,0,15.6
173,4,1,2.0,2.4,7100,1049088,500,1,0,1,15.6
1090,4,0,2.2,1.6,3700,1049088,500,1,0,1,15.6
1091,4,1,1.86,2.0,6006,1049088,1000,1,0,1,15.6
461,4,0,1.4,1.6,3060,1049088,128,0,0,0,11.6
615,8,4,3.0,2.8,7700,2073600,1128,0,0,0,17.3
327,8,4,1.7,2.7,7500,2073600,256,0,0,0,15.6
247,16,4,3.6,2.9,7820,2073600,256,0,0,0,17.3
342,8,1,2.1,2.4,7100,2073600,1000,1,0,1,15.6
1175,4,1,2.0,2.4,7100,2073600,256,1,0,0,14.0
299,16,4,1.63,2.7,7500,2073600,512,0,0,0,15.6
391,16,4,3.0,2.8,7700,2073600,1256,0,0,0,17.3
1025,4,2,1.26,2.5,7200,1049088,256,0,0,0,12.5
31,2,0,1.65,1.5,6110,1049088,32,1,0,0,14.0
863,8,2,2.5,2.5,7300,2073600,1000,0,0,1,15.6
975,8,2,2.04,2.7,7200,2073600,1128,1,0,0,15.6
726,8,2,2.2,1.6,8250,2073600,1128,1,0,0,15.6
369,8,4,1.36,2.7,7500,2073600,256,0,0,0,14.0
85,16,4,2.65,2.8,7700,2073600,1128,0,0,0,15.6
399,16,4,1.13,2.7,7500,3686400,1000,0,0,0,14.0
1116,16,4,4.6,2.7,6820,2073600,1256,0,0,0,17.3
600,8,4,1.84,2.7,7500,2073600,256,1,0,0,15.6
1136,8,4,3.0,2.6,6700,2073600,256,0,0,0,17.3
154,4,2,1.48,2.7,7500,2073600,256,0,0,0,14.0
1197,16,4,4.3,2.6,6700,2073600,1512,0,0,0,17.3
692,8,4,3.14,2.8,7700,2073600,500,0,0,1,17.3
1052,8,2,2.3,2.7,7200,2073600,256,0,0,0,15.6
245,8,4,2.2,1.8,8550,2073600,2128,1,0,0,15.6
246,8,2,2.04,2.5,7200,1049088,1000,1,0,1,15.6
355,8,4,2.02,1.8,8550,2073600,2128,1,0,0,15.6
65,16,4,1.8,2.8,7700,2073600,512,0,0,0,15.6
745,2,0,1.68,1.6,3060,1049088,32,1,0,0,14.0
957,4,0,1.45,1.1,4200,1049088,256,0,0,0,11.6
910,8,2,1.6,2.8,7440,2073600,256,1,0,0,14.0
130,8,2,2.36,2.5,7200,1049088,1000,1,0,1,15.6
140,4,1,3.0,2.7,7130,2073600,1000,1,0,1,17.3
627,4,2,2.2,2.5,7200,2073600,128,1,0,0,15.6
167,8,4,2.56,2.8,7700,2073600,1128,0,0,0,15.6
1158,8,2,2.5,2.3,6200,2073600,1000,1,0,0,15.6
96,8,4,2.2,2.7,7500,2073600,1000,1,0,1,15.6
238,32,4,4.7,2.9,7820,2073600,1512,0,0,0,17.3
1045,8,2,1.84,2.4,6300,2073600,756,1,0,0,15.6
1255,4,0,2.0,1.1,3350,1049088,1000,1,0,1,15.6
623,8,2,2.2,2.5,7200,1049088,256,1,0,0,15.6
36,4,1,2.1,2.7,7130,1049088,1000,1,0,1,15.6
1107,4,2,2.1,2.3,6200,2073600,256,0,0,0,15.6
380,8,4,3.35,2.8,7700,2073600,1128,0,0,0,17.3
237,4,1,2.2,2.5,9620,2073600,1128,1,0,0,15.6
6,16,4,2.04,2.2,7200,5184000,256,0,0,0,15.4
527,8,1,2.2,2.0,6006,1049088,2000,1,0,1,15.6
1072,8,2,1.26,2.3,6200,2073600,256,0,0,0,12.5
986,8,2,2.04,2.5,7200,2073600,1000,1,0,1,15.6
539,8,4,1.87,2.7,7500,2073600,256,1,0,0,14.0
865,4,2,2.07,2.3,6200,2073600,500,1,0,1,15.6
777,4,1,1.8,2.4,7100,2073600,128,1,0,0,14.0
839,8,2,2.3,2.5,7200,2073600,128,1,0,1,15.6
1285,16,4,1.3,2.5,6500,5760000,512,0,0,0,13.3
587,12,4,1.4,2.6,6600,2073600,256,0,0,0,14.0
776,16,4,2.5,2.7,6820,8294400,512,1,0,0,15.6
688,6,1,2.65,2.4,9600,2073600,2000,1,0,1,17.3
1149,8,4,1.27,2.5,6500,3686400,256,0,0,0,14.0
1218,8,4,2.6,2.6,6700,2073600,1128,0,0,0,15.6
103,8,4,1.38,2.7,7500,2073600,256,0,0,0,13.3
1203,16,4,1.2,2.7,7500,5760000,512,0,0,0,13.3
371,4,1,2.1,3.0,9420,1049088,128,1,0,0,15.6
0,8,4,1.37,2.3,7200,4096000,128,0,0,0,13.3
555,4,0,2.0,1.1,3350,1049088,500,1,0,1,15.6
465,4,0,2.0,1.1,4200,1049088,500,1,0,1,15.6
1244,4,2,1.54,2.3,6200,2073600,256,1,0,0,14.0
978,6,4,2.04,2.7,7500,1049088,1000,1,0,1,15.6
885,4,2,1.28,2.5,7200,2073600,256,0,0,0,13.3
691,4,2,1.7,2.5,7200,2073600,256,1,0,0,14.0
143,4,2,2.1,2.3,6200,1049088,500,1,0,1,15.6
1263,4,0,2.4,1.6,3060,1049088,500,1,0,1,15.6
438,24,4,1.32,2.7,7500,3686400,512,0,0,0,14.0
179,8,2,1.29,1.6,8250,8294400,256,0,0,0,13.3
420,16,4,2.0,2.8,7700,8294400,512,0,0,0,15.6
747,8,1,1.86,2.0,6006,2073600,256,1,0,0,15.6
578,16,4,4.14,2.9,7820,2073600,1512,0,0,0,17.3
1231,16,4,1.95,2.8,7700,2073600,1000,0,1,0,14.0
377,4,0,1.8,1.6,3060,1049088,500,1,0,1,15.6
111,8,4,1.23,2.4,7560,5760000,256,0,0,0,13.3
914,4,1,2.4,2.4,7100,2073600,1000,1,0,1,15.6
722,8,2,1.32,2.5,7200,2073600,256,0,0,0,14.0
604,4,1,2.18,2.0,6006,1049088,1000,1,0,1,15.6
554,8,4,2.63,2.7,7500,2073600,1000,1,0,1,17.3
887,12,2,2.2,2.5,7300,2073600,1128,0,0,0,17.3
1208,8,1,3.3,2.0,6006,1440000,1000,1,0,1,17.3
886,4,1,2.18,2.0,6006,1049088,1000,1,0,1,15.6
26,8,4,1.35,1.6,7200,1296000,128,0,0,0,13.3
215,8,4,1.4,1.8,8550,2073600,256,0,0,0,13.3
243,8,2,2.56,2.5,7300,2073600,256,0,0,0,15.6
383,8,2,1.5,2.5,7200,2073600,256,1,0,0,14.0
1250,4,0,2.2,1.6,3710,1049088,500,1,0,1,15.6
292,8,1,2.54,2.0,6006,1440000,1000,1,0,1,17.3
1048,16,4,4.6,2.6,6700,2073600,1128,0,0,0,17.3
1266,6,1,2.04,2.9,9410,2073600,1000,1,0,0,15.6
344,8,4,1.2,1.8,8550,2073600,256,0,0,0,13.3
429,4,0,1.16,1.1,3350,2073600,32,0,0,0,11.6
291,8,4,3.0,2.8,7700,2073600,1000,0,0,1,17.3
1014,4,1,1.49,2.4,7100,1049088,500,1,0,1,13.3
341,12,1,2.2,3.6,9720,2073600,2000,1,0,1,15.6
