,Price_euros
242,889.0
760,1048.0
1138,2399.0
940,1399.0
1291,289.0
754,849.9
374,869.01
678,2299.0
233,859.0
581,1008.52
497,1749.0
810,1749.0
326,549.0
790,1339.0
751,1900.0
311,2499.0
75,949.0
459,639.9
57,586.19
890,1265.0
958,1268.0
297,2884.86
1292,379.0
853,1903.0
636,1869.0
864,2240.0
814,789.81
413,789.01
267,467.0
307,1043.0
1101,1166.97
340,274.9
1207,299.0
1065,1458.0
856,449.0
687,545.67
724,1348.48
686,612.61
895,1475.0
295,1299.0
1153,1199.0
610,4899.0
1284,638.0
616,569.0
868,902.0
858,649.0
1252,569.0
1199,2048.9
398,2712.0
195,914.0
153,1890.0
967,685.0
152,498.0
1180,1637.0
457,989.0
415,598.9
630,1900.0
357,999.0
276,1099.0
147,344.0
842,910.0
779,581.9
613,359.0
530,3012.77
428,1999.0
69,949.0
440,519.0
204,3055.0
343,2099.0
797,810.0
999,2089.0
805,1389.0
1229,1149.0
909,1899.0
1293,899.0
1071,1199.0
536,797.41
1038,1062.95
1238,1169.0
423,597.0
40,389.0
427,1099.0
82,860.0
705,795.0
817,385.0
312,2099.0
38,488.69
901,1279.0
487,1899.0
1198,272.0
250,819.0
375,488.99
456,2046.0
480,1262.0
640,1109.0
1147,1009.9
410,1925.0
744,3299.0
701,399.0
1005,1099.99
609,349.0
547,462.35
1272,229.0
1154,2250.68
602,329.0
998,1799.0
1027,1060.0
424,2799.0
902,1649.0
1192,485.0
210,779.0
63,941.0
218,1149.0
110,1262.0
150,1249.26
88,1449.0
134,598.0
1124,435.0
941,530.0
16,745.0
750,475.0
1301,764.0
18,499.0
17,2858.0
1239,1499.0
812,1499.0
632,829.0
34,998.0
350,2027.42
409,304.45
1034,1228.99
876,398.99
281,428.0
1026,1189.0
1032,1191.8
472,1275.0
278,489.0
1016,769.99
845,739.0
1269,720.32
145,1099.0
778,2899.0
108,1299.0
474,1299.0
133,572.0
1163,459.0
1178,2153.37
821,1090.0
506,1224.0
561,630.0
694,973.0
275,713.07
258,2499.0
822,2499.0
614,869.0
894,2649.0
802,1499.0
1008,1049.26
304,1265.0
1085,1030.99
1227,521.86
149,447.0
534,1649.0
144,369.0
1219,1149.0
841,3072.89
124,451.0
1174,709.0
528,585.0
211,1407.0
674,699.0
1222,529.0
168,854.0
929,1149.0
811,2415.0
1011,1539.0
646,919.0
1089,387.0
903,2049.0
934,1105.0
1195,1327.0
595,459.0
192,999.9
325,292.0
33,1869.0
819,755.0
224,2456.34
666,955.0
622,776.0
639,2399.0
1277,289.0
417,1500.0
768,1599.0
1228,1029.0
761,1859.0
1009,684.0
1109,1339.0
948,659.0
570,1860.99
495,1099.0
769,298.0
933,1799.0
19,979.0
783,329.0
830,5499.0
572,649.0
503,299.0
566,959.0
1044,1000.0
920,684.99
77,855.0
972,2800.0
1095,799.0
980,1299.0
1035,1349.0
971,1962.98
222,1363.0
314,275.0
917,1599.0
72,870.0
333,449.0
35,249.0
870,1055.0
122,629.0
511,639.0
217,1031.0
14,1262.4
796,299.0
576,1865.0
425,1159.0
926,1650.0
254,702.0
712,726.0
382,1655.0
1257,490.0
41,1499.0
1083,2049.0
1,898.94
300,509.0
266,1499.0
282,829.0
54,384.0
1145,1899.0
469,1858.0
1075,659.0
1270,638.0
30,244.99
945,999.0
125,259.0
1121,1690.0
820,489.9
155,619.0
557,949.0
795,2330.0
1242,361.8
540,1399.0
736,2419.0
5,400.0
703,621.45
1300,229.0
950,2249.0
1215,174.0
823,1199.0
296,979.0
498,949.0
56,439.0
888,297.0
87,598.99
644,450.0
906,1483.0
185,1549.0
231,330.0
680,997.9
698,1877.0
1022,1149.0
49,466.0
900,2013.1
904,1962.99
443,349.0
329,2639.0
1220,1529.0
407,1680.0
1162,899.0
1245,1600.0
763,1129.0
979,1749.0
1173,398.0
1167,468.0
1063,989.99
981,1195.0
373,489.0
255,949.0
348,375.0
52,398.49
872,1388.0
1256,1900.0
758,2868.99
1295,805.99
11,344.99
1135,1099.0
505,949.0
538,1799.0
651,709.0
989,1119.0
1108,398.0
251,1799.0
1117,1029.0
1260,833.01
1122,1513.0
1105,1413.1
659,3147.37
943,1119.0
661,419.0
1004,1195.0
1128,989.0
742,1535.0
494,1269.0
719,1200.0
947,685.0
826,1358.0
1240,597.57
392,693.99
1235,478.0
462,749.0
735,779.0
447,1993.0
500,340.0
1152,599.0
772,1020.0
1189,2599.0
12,2439.97
228,891.0
782,1764.0
121,2241.5
142,869.0
446,441.8
176,449.0
700,819.0
684,1499.0
1182,895.01
499,911.0
545,705.5
193,698.0
175,459.0
42,522.99
171,699.0
455,479.0
1028,1624.0
553,544.15
775,839.0
257,1059.0
288,1179.0
791,202.9
135,988.0
522,1279.73
1258,895.0
558,568.9
434,2449.0
347,1607.96
987,1189.0
656,919.0
564,839.0
302,649.0
86,699.0
1079,940.0
303,549.0
213,549.0
696,1749.0
1280,549.99
589,1770.0
60,1299.0
974,2049.9
746,1649.0
683,699.0
1233,1598.0
117,1130.33
730,1935.0
492,1350.0
756,1099.0
200,1845.0
28,1298.0
359,1427.0
1142,1629.0
452,1534.0
833,1186.0
90,699.0
113,722.0
560,349.0
489,1950.0
1254,443.99
1040,847.0
466,469.0
973,1180.0
338,274.99
882,348.0
206,439.0
1017,2968.0
305,359.99
1289,729.0
1129,1129.0
362,719.0
390,1039.0
787,999.0
1039,1010.51
1248,573.0
1029,1080.0
1023,1185.43
922,1149.0
1226,1477.0
873,735.0
1110,1699.0
707,1855.0
969,695.0
537,398.99
1194,1199.0
673,349.0
962,1009.0
475,740.0
1210,1279.0
244,1079.0
422,1427.0
577,2663.0
39,879.0
1274,369.0
393,1349.0
408,409.0
533,369.0
432,599.0
1068,1329.0
785,1891.0
1224,509.0
583,1537.39
477,1364.0
546,785.0
911,3100.0
513,1219.24
189,1085.0
1113,1969.0
1297,720.32
1148,1579.0
520,1399.0
159,447.0
637,249.0
620,1124.0
662,535.0
253,1849.0
562,1965.0
53,1103.0
368,899.0
8,1495.0
1172,369.0
430,269.0
345,1129.0
935,1669.0
844,1870.0
806,780.0
504,265.0
937,1199.0
952,1460.0
965,465.62
559,617.9
1246,875.0
1165,1498.0
524,889.0
473,1841.85
1000,1260.0
942,619.0
1217,539.0
1273,764.0
444,1099.0
404,2249.0
993,1349.0
483,248.9
131,449.0
78,530.0
346,279.0
203,1749.0
905,2099.0
160,403.0
1212,1948.99
815,1859.0
1087,1199.0
1164,476.99
770,1181.27
645,274.0
953,1159.0
1209,2449.0
834,1650.0
764,849.0
132,884.0
1134,616.0
889,379.0
818,2505.02
626,239.0
73,1095.0
385,2282.0
463,799.0
919,1119.91
337,1144.0
1118,2226.0
992,270.62
105,659.0
966,825.0
548,397.0
25,418.64
612,443.9
384,1748.9
1104,1199.0
1179,650.0
1241,1280.0
51,841.0
689,318.0
585,2349.0
389,2509.0
100,719.0
590,739.0
313,469.0
22,258.0
376,553.0
321,589.0
588,609.0
234,689.0
1253,1072.0
298,499.0
1170,679.0
64,690.0
755,1199.0
956,1899.0
249,2040.0
445,1179.0
592,603.0
850,299.0
306,1975.0
682,2051.0
543,798.0
84,395.0
485,1049.0
586,1498.0
1191,659.0
1055,705.15
837,669.0
381,403.5
884,369.0
1185,909.0
198,1379.0
79,977.0
728,589.52
849,1468.0
1144,1799.0
401,1529.0
897,900.0
749,4389.0
925,729.9
671,817.95
859,469.0
352,1409.0
582,719.0
349,663.0
1019,2229.0
252,469.0
331,943.0
1092,1599.0
829,619.0
862,1285.0
324,659.0
1183,333.0
510,899.0
1190,819.0
170,1349.0
120,479.0
725,489.9
260,1142.0
1088,615.0
161,805.0
855,945.0
685,2813.75
594,529.0
271,1549.0
526,799.0
310,999.0
780,3588.8
1279,899.0
433,2445.0
804,744.0
190,2824.0
767,1099.0
89,1649.0
339,1142.75
1267,805.99
353,1738.27
924,1825.0
1193,1163.0
809,609.0
1094,1599.0
1125,1669.0
621,1465.0
1204,1169.0
13,498.9
643,1169.0
569,990.0
740,1207.0
205,1398.0
695,269.0
148,2029.0
80,1096.16
361,945.0
274,812.0
1073,1090.0
184,1199.0
208,1449.0
808,1679.0
949,349.0
1013,1887.21
163,1079.0
43,682.0
1064,1929.0
174,923.0
718,265.0
320,1292.0
794,1165.0
846,615.0
109,1480.0
831,2099.0
418,539.95
164,348.0
1050,2620.0
706,999.0
847,1026.0
990,1908.0
264,565.0
1176,825.0
216,589.0
1188,1099.0
1061,998.0
652,1449.9
1096,638.8
1060,1070.0
1290,459.0
983,649.0
801,1099.0
319,485.0
1119,1312.49
1057,449.0
435,1695.0
650,2799.0
1282,209.0
1098,500.0
1112,429.0
670,1867.85
734,960.0
470,1999.0
1201,629.0
679,1299.0
412,469.0
752,579.0
1262,459.0
1150,339.0
27,800.0
223,794.0
1120,196.0
875,1690.0
1012,1590.0
269,880.0
1299,1499.0
1287,764.0
9,770.0
76,519.0
24,659.0
1137,784.0
723,3659.4
690,375.0
1133,752.0
1161,1769.0
519,1504.0
765,655.0
1184,799.0
395,499.0
180,1049.0
918,1349.0
774,1244.0
995,1150.0
360,439.0
1296,209.0
580,389.0
1031,409.0
354,1403.0
596,2025.0
1234,959.0
896,929.0
23,819.0
451,1975.0
633,579.0
478,675.0
660,1229.0
91,689.0
793,959.0
106,414.9
1081,3240.0
912,789.0
563,2999.0
664,1486.77
1111,769.15
843,713.99
866,1095.0
607,564.0
1259,1229.0
877,935.0
732,650.0
59,415.0
516,521.47
867,1950.0
93,1195.0
256,445.9
458,1799.0
178,813.0
541,735.87
289,659.01
954,1488.99
1155,478.89
118,564.0
531,860.0
416,689.0
196,6099.0
386,549.0
290,199.0
936,558.6
1171,1159.0
493,579.0
838,325.0
1106,1511.19
648,1213.0
509,1149.0
173,489.0
1090,393.49
1091,345.99
461,435.0
615,1168.0
327,1049.9
247,2999.0
342,716.0
1175,769.0
299,1468.0
391,1591.0
1025,1559.0
31,199.0
863,1017.0
975,979.0
726,719.0
369,1750.0
85,1349.0
399,2625.0
1116,2749.99
600,1219.0
1136,3949.4
154,1082.0
1197,2150.0
692,1907.99
1052,1094.0
245,985.0
246,559.0
355,970.9
65,1983.0
745,330.0
957,775.0
910,1205.0
130,638.99
140,655.0
627,468.0
167,1060.49
1158,788.49
96,599.9
238,3890.0
1045,2103.34
1255,339.0
623,799.0
36,367.0
1107,867.0
380,1191.0
237,575.0
6,2139.97
527,459.0
1072,1199.0
986,806.0
539,859.0
865,910.0
777,636.0
839,590.0
1285,1499.0
587,1673.0
776,2370.0
688,569.0
1149,2339.0
1218,1272.0
103,1119.0
1203,2680.0
371,426.0
0,1339.69
555,224.0
465,304.0
1244,1099.99
978,579.0
885,1799.0
691,699.0
143,602.0
1263,289.0
438,2382.0
179,1499.0
420,1899.0
747,539.0
578,2729.0
1231,3499.0
377,309.0
111,1379.0
914,499.0
722,1499.0
604,465.0
554,1280.0
887,1369.9
1208,629.0
886,455.7
26,1099.0
215,931.88
243,879.0
383,1099.0
1250,324.0
292,489.0
1048,2289.99
1266,549.99
344,1579.0
429,299.0
291,1187.0
1014,800.0
341,899.0
